LISTADO COMISIONES PAQ 19:

CENTRO DE LA INDUSTRIA, LA EMPRESA Y LOS SERVICIOS

CODIGO 1 (PRESUPUESTAL):

80124
80224
80324
80424
80524
80624
80724
80824
80924
81024
81124
81224
81324
81424
81524
81624
81724
81824
81924
82024
82124
82224
82324
82424
82524
82624
82724
82824
82924
83024
83124
83224
83324
83424
83524
83624
83724
83824
83924
84024
84124
84224
84324
84424
84524


CODIGO 2 LEGALIZACION):

52024
52124
52224
52324
52424
52524
52624
52724
52824
52924
53024
53124
53224
53324
53424
53524
53624
53724
53824
53924
54024
54124
54224
54324
54424
54524
54624
54724
54824
54924
55024
55124
55224
55324
55424
55524
55624
55724
55824
55924
56024
56124
56224
56324
56424